0|8||
1 7 9 17 24 26 41 56
2 9 10 17 26 31 34 41
2 9 11 17 26 33 34 36
2 9 17 23 26 33 34 56
2 9 17 26 31 33 34 57
3 6 17 22 23 26 28 34
3 6 17 26 28 31 34 42
3 6 17 26 28 32 34 53
7 9 10 15 17 26 31 34
7 9 17 23 24 26 33 34
7 9 17 24 26 41 46 56
7 9 17 26 31 33 34 35
9 10 17 26 28 31 33 34
9 11 17 26 28 34 36 41
9 12 17 19 26 33 34 53
9 15 17 23 24 26 28 34
9 15 17 26 28 31 34 35
9 17 19 26 27 33 34 36
9 17 19 26 33 34 37 44
9 17 23 26 28 34 41 56
9 17 26 28 31 34 41 57
|
4|8||
2 9 11 17 26 33 34 36
2 9 17 23 26 33 34 56
2 9 17 26 31 33 34 57
3 6 17 22 23 26 28 34
3 6 17 26 28 31 34 42
9 10 17 26 28 31 33 34
9 15 17 23 24 26 28 34
9 15 17 26 28 31 34 35
9 17 19 26 27 33 34 36
|
0|9||
0 17 20 26 28 34 39 40 44
9 13 14 17 26 28 34 39 44
|
