cost|board_size|champions_added|traits_added
0|9||
0 1 10 14 21 25 27 29 56
0 2 10 14 21 27 29 34 56
0 10 14 15 25 27 34 35 56
1 10 14 21 25 27 29 42 56
2 10 14 21 27 29 34 42 56
10 14 15 25 27 34 35 42 56
11 14 23 24 26 27 34 55 56
11 14 24 26 27 34 53 55 56
|
0|8||
0 4 10 14 25 27 34 37
0 10 14 15 25 27 34 43
0 10 14 15 27 34 35 56
0 10 14 21 25 27 42 56
0 10 14 23 25 27 42 56
0 10 14 25 27 32 42 56
0 10 14 25 27 35 42 56
0 10 14 25 27 42 53 56
0 10 14 25 32 34 42 56
0 10 15 25 27 33 34 48
1 2 14 25 27 32 34 56
1 4 10 25 27 29 34 51
1 10 14 21 25 27 34 56
4 10 14 25 27 34 37 42
10 14 15 25 27 29 35 56
10 14 15 25 27 34 42 43
10 14 15 27 34 35 42 56
10 15 25 27 33 34 42 48
11 14 25 27 32 34 38 56
11 24 25 26 27 34 54 55
|
